I_kept (v0=1e-4 grid) = 1.0338663896
     k        m/H      m L0       w(k)          w/(k H^2)=l_eff^2[L0^2]   w/k^2       step-halving rel.diff
     0.01     1.500    0.0190  7.887874e-09   0.00490    7.88787e-05   1.3e-10
     0.02     1.500    0.0190  3.155399e-08   0.00980    7.88850e-05   1.3e-10
     0.05     1.501    0.0190  1.973213e-07   0.02452    7.89285e-05   1.3e-10
     0.10     1.503    0.0191  7.908242e-07   0.04914    7.90824e-05   1.3e-10
     0.20     1.513    0.0192  3.186926e-06   0.09902    7.96732e-05   1.3e-10
     0.50     1.581    0.0201  2.071459e-05   0.25744    8.28584e-05   1.3e-10
     1.00     1.803    0.0229  8.642917e-05   0.53706    8.64292e-05   1.3e-10
     2.00     2.500    0.0317  3.053305e-04   0.94864    7.63326e-05   1.2e-10
     3.00     3.354    0.0425  5.500870e-04   1.13939    6.11208e-05   1.2e-10
     5.00     5.220    0.0662  1.014734e-03   1.26109    4.05893e-05   1.2e-10
     7.00     7.159    0.0908  1.440385e-03   1.27863    2.93956e-05   1.2e-10
    10.00    10.112    0.1283  2.017613e-03   1.25372    2.01761e-05   1.3e-10
    15.00    15.075    0.1912  2.838360e-03   1.17582    1.26149e-05   2.0e-10
    20.00    20.056    0.2544  3.508571e-03   1.09009    8.77143e-06   4.0e-10
    30.00    30.037    0.3810  4.509049e-03   0.93396    5.01005e-06   1.6e-09
    44.00    44.026    0.5585  5.425701e-03   0.76624    2.80253e-06   7.4e-09
    60.00    60.019    0.7614  6.103082e-03   0.63206    1.69530e-06   2.6e-08
    79.00    79.014    1.0024  6.644980e-03   0.52267    1.06473e-06   8.3e-08
   100.00   100.011    1.2687  7.061227e-03   0.43878    7.06123e-07   2.3e-07
   150.00   150.007    1.9030  7.645792e-03   0.31673    3.39813e-07   1.4e-06
   200.00   200.006    2.5372  7.934382e-03   0.24652    1.98360e-07   5.6e-06
   300.00   300.004    3.8058  8.168788e-03   0.16920    9.07643e-08   4.5e-05
   500.00   500.002    6.3429  8.287512e-03   0.10300    3.31500e-08   7.6e-04
fine log grid k in [0.02,600]: w monotone increasing: True ; d ln w/d ln k range [0.020, 2.077] (2 at threshold, 1 = RS-like, 0 = flat 5D)
reference: l_-^2 = 3.24 ; 1/(2 k_-^3 I_+) = 2.81529 ; large-k 5D limit: w -> (2/pi) I_kept H = 8.34955e-03
integrated weight int_0^K w dk: [(1, 2.7706412617644854e-05), (10, 0.0095490065921908), (79, 0.35325623715843935)]
