case,source,grid,K,eta,node_count,last_k_exact,U_L1_upper_exact,U_L1_upper_decimal_ceiling,W_L1_upper_exact,W_L1_upper_decimal_ceiling,first_order_wronskian_drift_abs_exact,first_order_wronskian_drift_abs_decimal_ceiling,P_triangle_upper_exact,P_triangle_upper_decimal_ceiling,R_triangle_upper_exact,R_triangle_upper_decimal_ceiling,canonical_drift_weighted_abs_exact,canonical_drift_weighted_abs_decimal_ceiling,canonical_drift_weighted_signed_exact,canonical_drift_weighted_signed_decimal_ceiling,weight_sum_exact,weight_sum_decimal_ceiling,weighted_U_L1_upper_exact,weighted_U_L1_upper_decimal_ceiling,weighted_W_L1_upper_exact,weighted_W_L1_upper_decimal_ceiling,R_signed_lower_exact,R_signed_upper_exact,R_signed_lower_decimal_floor,R_signed_upper_decimal_ceiling,P_signed_lower_exact,P_signed_upper_exact,P_signed_lower_decimal_floor,P_signed_upper_decimal_ceiling,scope,contact_difference,incoming_state_error
positive_B/coarse/64/-4,positive_B,coarse,64,-4,2048,1152873770661624895/18014398509481984,9818800834642765211861262342871/149657767662684458825768655180455490904788041728,6.560836092E-17,18777192454068605278507534226103/74828883831342229412884327590227745452394020864,2.509350868E-16,189924274917472127/436107089713445372291724446977019084800,4.354991685E-22,5648910753189365622819254283669780914087581309260378937661701282117863537491401351310377471472253379661/764573542844370382819484836564895045527405419570089133251074053607368271425048171866833489455140414233017106940559360,7.388315756E-15,59590622496014530595935397457277396542122601842419406946859240602439840532344995508576378438075125939/509715695229580255212989891043263363684936946380059422167382702404912180950032114577888992970093609488678071293706240,1.169095303E-16,107849621789884754101258423953591204004551628941207708583921/29256246106827460531118712002369043343531428866524996056725570270400820019200,3.686379360E-18,-1057950834966014599905196357143845074744063620892986489021/29256246106827460531118712002369043343531428866524996056725570270400820019200,-3.616153730E-20,18014398509481983/281474976710656,6.400000000E+1,180261692206427078948705662558670576619747153417842854937540318994280883530364674711513/17684315651771845806956500285591604843154244857546927230641197692666006407656302346697064809339289600,1.019330891E-14,713188063187481841450300534667475352301361158613601939357715806391242609006512455962431/17684315651771845806956500285591604843154244857546927230641197692666006407656302346697064809339289600,4.032884717E-14,4712616283121149172982477069348191456766994977494593007180765687699692447420338615862464671089962113/2548578476147901276064949455216316818424684731900297110836913512024560904750160572889444964850468047443390356468531200,4712616285337561373498593712121486700875079869048432180584470967670519305679404647884075681545210671/2548578476147901276064949455216316818424684731900297110836913512024560904750160572889444964850468047443390356468531200,1.849115625E-18,1.849115627E-18,-964130941421256953166665650624787769722402042856211345522394041051387602217925310269581136785713524137/152914708568874076563896967312979009105481083914017826650214810721473654285009634373366697891028082846603421388111872,-24103273535152768855620314393691702656162818820586065405712810181747314436505583218732819088893492024513/3822867714221851914097424182824475227637027097850445666255370268036841357125240859334167447275702071165085534702796800,-6.305024222E-15,-6.305024221E-15,SAVED_ENDPOINT_MINUS_EXACT_FLOW_FROM_EXACT_REPRESENTED_INCOMING_STATE,EXACT_ZERO_UNDER_IDENTICAL_COMPLETE_CONTACTS,ZERO_BY_EXACT_REPRESENTED_ANCHOR_DEFINITION
positive_B/coarse/64/-7/2,positive_B,coarse,64,-7/2,2048,1152873770661624895/18014398509481984,75210705105458638928077564965591/299315535325368917651537310360910981809576083456,2.512756481E-16,164528163901503176795407387571191/299315535325368917651537310360910981809576083456,5.496813379E-16,7541970083427563/8722141794268907445834488939540381696,8.646924416E-22,5065626850935675900711994604593974312431135414465888299725188958658978237276976370212166797708504913683813/374641035993741487581547569916798572308428655589343675293026286267610452998273604214748409833018802974178382400874086400,1.352128135E-14,870611911378486005699888746943867915170415858627153834223859465834853120114752450765548238726334162057/4460012333258827233113661546628554432243198280825519943964598646042981583312781002556528688488319083025933123819929600,1.952039247E-16,91479415642646115315281744482446376847053065181827050223661/14628123053413730265559356001184521671765714433262498028362785135200410009600,6.253667358E-18,-506821664620089349256388790284566583124688132244304661137/2925624610682746053111871200236904334353142886652499605672557027040082001920,-1.732353709E-19,18014398509481983/281474976710656,6.400000000E+1,40252335202802851265301165419547051790715656962009316435830928363706508248500877066163/1768431565177184580695650028559160484315424485754692723064119769266600640765630234669706480933928960,2.276160186E-14,1043047738631017324873885079580803393905326130833554215722439081003565233104756494219037/17684315651771845806956500285591604843154244857546927230641197692666006407656302346697064809339289600,5.898151556E-14,-281957603203457429685830798182863171065169426720333207721311081481896522238709110032301471960412356543/31220086332811790631795630826399881025702387965778639607752190522300871083189467017895700819418233581181531866739507200,-563915206293905108867604467114991975936110271248336689304282650821240829319714174726655802260057177193/62440172665623581263591261652799762051404775931557279215504381044601742166378934035791401638836467162363063733479014400,-9.031288390E-18,-9.031288387E-18,-5065626850935675900711994604593974312431135414465888299725188958658978237276976370212166797708504913683813/374641035993741487581547569916798572308428655589343675293026286267610452998273604214748409833018802974178382400874086400,-422135570905699935713616008573360398893508455269590147628005550172316955604022036241130763705551109202721/31220086332811790631795630826399881025702387965778639607752190522300871083189467017895700819418233581181531866739507200,-1.352128135E-14,-1.352128134E-14,SAVED_ENDPOINT_MINUS_EXACT_FLOW_FROM_EXACT_REPRESENTED_INCOMING_STATE,EXACT_ZERO_UNDER_IDENTICAL_COMPLETE_CONTACTS,ZERO_BY_EXACT_REPRESENTED_ANCHOR_DEFINITION
positive_B/coarse/128/-4,positive_B,coarse,128,-4,4096,2305795275268471871/18014398509481984,9818800834642765211861262342871/149657767662684458825768655180455490904788041728,6.560836092E-17,18777192454068605278507534226103/74828883831342229412884327590227745452394020864,2.509350868E-16,189924274917472127/436107089713445372291724446977019084800,4.354991685E-22,152090774217038450082867551463135798711899467450655247730785557776986333468113996161362680627592576382337/3822867714221851914097424182824475227637027097850445666255370268036841357125240859334167447275702071165085534702796800,3.978447218E-14,1165790835957530861244185237149542779449739727290373989721776810494203744834804623291777080816576746367/2548578476147901276064949455216316818424684731900297110836913512024560904750160572889444964850468047443390356468531200,4.574278748E-16,204477328744381476079989041875450945771354534332870405923497/29256246106827460531118712002369043343531428866524996056725570270400820019200,6.989185421E-18,1637226621413051387433764505038398732989537742692243675039/29256246106827460531118712002369043343531428866524996056725570270400820019200,5.596160955E-20,18014398509481983/140737488355328,1.280000000E+2,711852714507663837722378760726244195624867533313345742927945357609174182216641527285419/17684315651771845806956500285591604843154244857546927230641197692666006407656302346697064809339289600,4.025333683E-14,959621664241484650481450353363312221942914682441534128570422921752803960640160515014957/4421078912942961451739125071397901210788561214386731807660299423166501601914075586674266202334822400,2.170559909E-13,17849850013258705749835946872435309559926182349622308271963017368251293062319386479133418343784000641/2548578476147901276064949455216316818424684731900297110836913512024560904750160572889444964850468047443390356468531200,17849850022117600062054783239344775381544286541291411469418313203360705566652325219487562705224354607/2548578476147901276064949455216316818424684731900297110836913512024560904750160572889444964850468047443390356468531200,7.003845547E-18,7.003845552E-18,-8754103437489146861570294434676024186583806359526654943885898192557100660744002703304655006541973152111/254857847614790127606494945521631681842468473190029711083691351202456090475016057288944496485046804744339035646853120,-131311551559321822609447028103942676792151399737120395946119668304407461598339341008515853217183135913153/3822867714221851914097424182824475227637027097850445666255370268036841357125240859334167447275702071165085534702796800,-3.434896559E-14,-3.434896558E-14,SAVED_ENDPOINT_MINUS_EXACT_FLOW_FROM_EXACT_REPRESENTED_INCOMING_STATE,EXACT_ZERO_UNDER_IDENTICAL_COMPLETE_CONTACTS,ZERO_BY_EXACT_REPRESENTED_ANCHOR_DEFINITION
positive_B/coarse/128/-7/2,positive_B,coarse,128,-7/2,4096,2305795275268471871/18014398509481984,75210705105458638928077564965591/299315535325368917651537310360910981809576083456,2.512756481E-16,164528163901503176795407387571191/299315535325368917651537310360910981809576083456,5.496813379E-16,7541970083427563/8722141794268907445834488939540381696,8.646924416E-22,27335383299128530160208642531505237200616045769529100521089618155133967760206303308880007592374426898277733/374641035993741487581547569916798572308428655589343675293026286267610452998273604214748409833018802974178382400874086400,7.296419953E-14,28679278321900953440294970833588343166624799362604355758824833304096410324779964203241630237766803423167/31220086332811790631795630826399881025702387965778639607752190522300871083189467017895700819418233581181531866739507200,9.186162401E-16,195820931962638575372484060142558358489585416247378292701987/14628123053413730265559356001184521671765714433262498028362785135200410009600,1.338660683E-17,389520469066281384721269818323139470113774155914791009301/14628123053413730265559356001184521671765714433262498028362785135200410009600,2.662819199E-20,18014398509481983/140737488355328,1.280000000E+2,399019166549829985493440521562828236775352051654711205394548333318703089016679726610701/4421078912942961451739125071397901210788561214386731807660299423166501601914075586674266202334822400,9.025379877E-14,349242878435734356658096082204875940179513662912075409576709196763030634799288368161197/1105269728235740362934781267849475302697140303596682951915074855791625400478518896668566550583705600,3.159797736E-13,326242308464282950753144749595516590426472723594819797113910907368937364925029576426466901109185282113/31220086332811790631795630826399881025702387965778639607752190522300871083189467017895700819418233581181531866739507200,130496923475569373643049133813448009284008210228037636741821016123547101826828205587806018464182236139/12488034533124716252718252330559952410280955186311455843100876208920348433275786807158280327767293432472612746695802880,1.044975676E-17,1.044975678E-17,-27335383299128530160208642531505237200616045769529100521089618155133967760206303308880007592374426898277733/374641035993741487581547569916798572308428655589343675293026286267610452998273604214748409833018802974178382400874086400,-1366769164929708791908778901154316253584502454779675424420062876917709810387516138071805828720593699850311/18732051799687074379077378495839928615421432779467183764651314313380522649913680210737420491650940148708919120043704320,-7.296419953E-14,-7.296419951E-14,SAVED_ENDPOINT_MINUS_EXACT_FLOW_FROM_EXACT_REPRESENTED_INCOMING_STATE,EXACT_ZERO_UNDER_IDENTICAL_COMPLETE_CONTACTS,ZERO_BY_EXACT_REPRESENTED_ANCHOR_DEFINITION
positive_B/coarse/256/-4,positive_B,coarse,256,-4,8192,4611638284482165823/18014398509481984,9818800834642765211861262342871/149657767662684458825768655180455490904788041728,6.560836092E-17,4608311749198859000130420253129/2338402619729444669152635237194617045387313152,1.970709283E-15,189924274917472127/436107089713445372291724446977019084800,4.354991685E-22,15778664533208421138456639333227224042241268542816982943033213315665904288396693049036874209542556727207723/1274289238073950638032474727608158409212342365950148555418456756012280452375080286444722482425234023721695178234265600,1.238232582E-11,39629404252629200469992276754485959603068924154679340256730665361423938558075042651018334477095452791679/2548578476147901276064949455216316818424684731900297110836913512024560904750160572889444964850468047443390356468531200,1.554961114E-14,561308468429819726123057720032643259062660036981146132377729/29256246106827460531118712002369043343531428866524996056725570270400820019200,1.918593611E-17,-1072471761422160595318422711217871485728369345979045678717/5851249221365492106223742400473808668706285773304999211345114054080164003840,-1.832893662E-19,18014398509481983/70368744177664,2.560000000E+2,4561088609543682788549563631342280325222093186501776491352918237603396209564618169036683/17684315651771845806956500285591604843154244857546927230641197692666006407656302346697064809339289600,2.579171680E-13,57201668924649107035846090978338260067313480033880674014276484313960752677929295610452737/884215782588592290347825014279580242157712242877346361532059884633300320382815117334853240466964480,6.469197910E-11,117368985212769877160810884517233823446857484923213448248626655667564067309724589796470312862774357837/509715695229580255212989891043263363684936946380059422167382702404912180950032114577888992970093609488678071293706240,586844926099068591590398787849823735287927486918930718582429849018695908724105142026888189302090255151/2548578476147901276064949455216316818424684731900297110836913512024560904750160572889444964850468047443390356468531200,2.302636279E-16,2.302636280E-16,-14034359613081207362086332485831805835581908864991940938980441449071500080096775501011104639709441422616363/1274289238073950638032474727608158409212342365950148555418456756012280452375080286444722482425234023721695178234265600,-42103078839219559545282920646859101279665063824445857373265449364944825531584151879043843596598924279764161/3822867714221851914097424182824475227637027097850445666255370268036841357125240859334167447275702071165085534702796800,-1.101348046E-11,-1.101348045E-11,SAVED_ENDPOINT_MINUS_EXACT_FLOW_FROM_EXACT_REPRESENTED_INCOMING_STATE,EXACT_ZERO_UNDER_IDENTICAL_COMPLETE_CONTACTS,ZERO_BY_EXACT_REPRESENTED_ANCHOR_DEFINITION
positive_B/coarse/256/-7/2,positive_B,coarse,256,-7/2,8192,4611638284482165823/18014398509481984,75210705105458638928077564965591/299315535325368917651537310360910981809576083456,2.512756481E-16,785306168479230922441161245495873/299315535325368917651537310360910981809576083456,2.623673268E-15,7541970083427563/8722141794268907445834488939540381696,8.646924416E-22,512636411716887840285943896510272971667191990920794171374000072252261599191331291168512832791058270071869259/24976069066249432505436504661119904820561910372622911686201752417840696866551573614316560655534586864945225493391605760,2.052510387E-11,122731589448554531306862453148784923894615390258337593097859746065919238910352210702279013205058932998131/6244017266562358126359126165279976205140477593155727921550438104460174216637893403579140163883646716236306373347901440,1.965586965E-14,588683394935301800352179000613475471837523305406803839366017/14628123053413730265559356001184521671765714433262498028362785135200410009600,4.024326244E-17,-6753528666278598756884154181252887119231101903133923737361/14628123053413730265559356001184521671765714433262498028362785135200410009600,-4.616811494E-19,18014398509481983/70368744177664,2.560000000E+2,2185992989773946416944924622504744686262450716966852073601751721787403359709224336267209/4421078912942961451739125071397901210788561214386731807660299423166501601914075586674266202334822400,4.944478561E-13,197195318584581243699245033927346328036747415271138793531803584621307056036363715681133849/2210539456471480725869562535698950605394280607193365903830149711583250800957037793337133101167411200,8.920687573E-11,40251892968422581623311593780419217422901433747398908567014475056503603415031309897818128110819874013249/31220086332811790631795630826399881025702387965778639607752190522300871083189467017895700819418233581181531866739507200,80503785938634145992697802666193971874428457730595774028391420789778799726831162078494863872795255554967/62440172665623581263591261652799762051404775931557279215504381044601742166378934035791401638836467162363063733479014400,1.289294736E-15,1.289294737E-15,-512636411716887840285943896510272971667191990920794171374000072252261599191331291168512832791058270071869259/24976069066249432505436504661119904820561910372622911686201752417840696866551573614316560655534586864945225493391605760,-1922386543937262064383827270185530375534336396157162724796501375394485680960834265430955412956181527895140707/93660258998435371895386892479199643077107163897335918823256571566902613249568401053687102458254700743544595600218521600,-2.052510387E-11,-2.052510386E-11,SAVED_ENDPOINT_MINUS_EXACT_FLOW_FROM_EXACT_REPRESENTED_INCOMING_STATE,EXACT_ZERO_UNDER_IDENTICAL_COMPLETE_CONTACTS,ZERO_BY_EXACT_REPRESENTED_ANCHOR_DEFINITION
positive_B/fine/64/-4,positive_B,fine,64,-4,4096,2305795275268471871/36028797018963968,19687032753184002527287915263511/299315535325368917651537310360910981809576083456,6.577350799E-17,37633032617469869153428991433181/149657767662684458825768655180455490904788041728,2.514606038E-16,69715642868253915/92213666865117964826304644266235789312,7.560228895E-22,278465544794632787702584340281008739861324111495254537684285550734691738035217614771831059360751391338859/40777255618366420417039191283461069094794955710404753773390616192392974476002569166231119437607488759094245703496499200,6.828942767E-15,1316052290195744052030575553301791223870804946457039226824782716813143229570263139121987190401865915181/8155451123673284083407838256692213818958991142080950754678123238478594895200513833246223887521497751818849140699299840,1.613708758E-16,2714738766188407121495533613994180375314712092538349225281657/468099937709239368497899392037904693496502861864399936907609124326413120307200,5.799485426E-18,60665750881720413507555949765368774943567313749009331920741/468099937709239368497899392037904693496502861864399936907609124326413120307200,1.295999978E-19,18014398509481983/281474976710656,6.400000000E+1,143951445817918129909124820585827538548216948851444320582732118145247291893954529463749/14147452521417476645565200228473283874523395886037541784512958154132805126125041877357651847471431680,1.017507892E-14,1054274910205744240888506850911624316959703521993167916164154396224493903322747078347819/28294905042834953291130400456946567749046791772075083569025916308265610252250083754715303694942863360,3.726023850E-14,149359776731189941937595713334409885675753807180385861127858081951531375224366465559720603525861144607/40777255618366420417039191283461069094794955710404753773390616192392974476002569166231119437607488759094245703496499200,29871955353354594795929951034585826439739987913064786203674584403928803655273221387729966563227592467/8155451123673284083407838256692213818958991142080950754678123238478594895200513833246223887521497751818849140699299840,3.662820718E-18,3.662820720E-18,-237610554914841033166984985111983052913908039890909110713346975566769464632325317968251166077484196426091/40777255618366420417039191283461069094794955710404753773390616192392974476002569166231119437607488759094245703496499200,-142566332946478847408126295965089521761411463312903862087182182693849253650469649939476369583390532757773/24466353371019852250223514770076641456876973426242852264034369715435784685601541499738671662564493255456547422097899520,-5.827036453E-15,-5.827036452E-15,SAVED_ENDPOINT_MINUS_EXACT_FLOW_FROM_EXACT_REPRESENTED_INCOMING_STATE,EXACT_ZERO_UNDER_IDENTICAL_COMPLETE_CONTACTS,ZERO_BY_EXACT_REPRESENTED_ANCHOR_DEFINITION
positive_B/fine/64/-7/2,positive_B,fine,64,-7/2,4096,2305795275268471871/36028797018963968,37706421201083931701878576822201/149657767662684458825768655180455490904788041728,2.519509799E-16,82645912880196840786452220187793/149657767662684458825768655180455490904788041728,5.522326985E-16,60192843763882175/46527992648138429134103069243356479488,1.293690967E-21,24980688617261850776865996962589243009069536008398459687748134919084343408858028759459240240911518795070397/1998085525299954600434920372889592385644952829809832934896140193427255749324125889145324852442766949195618039471328460800,1.250231199E-14,60289902635658859772560191752679087942896766736626096657968320633537922081019916660698215015951249892147/199808552529995460043492037288959238564495282980983293489614019342725574932412588914532485244276694919561803947132846080,3.017383484E-16,296053209078848227925641113427159424627940350814468462990989/29256246106827460531118712002369043343531428866524996056725570270400820019200,1.011931634E-17,24279938570261518342241135244269385883474306755557436124109/117024984427309842124474848009476173374125715466099984226902281081603280076800,2.074765376E-19,18014398509481983/281474976710656,6.400000000E+1,100494488605453779117029210294913333409660901583859078829581934668700959141459494432589/4421078912942961451739125071397901210788561214386731807660299423166501601914075586674266202334822400,2.273076111E-14,1542787639509497299840831939507044237748803793954248958273747019058969101459535312962397/28294905042834953291130400456946567749046791772075083569025916308265610252250083754715303694942863360,5.452528069E-14,-2880080139319832751455744224142145496007549597211443338136412373760415097880373496500761611121096290303/999042762649977300217460186444796192822476414904916467448070096713627874662062944572662426221383474597809019735664230400,-5760160275027737990610857759998418275282517477238396223081714052264645065004194396076150928612370380151/1998085525299954600434920372889592385644952829809832934896140193427255749324125889145324852442766949195618039471328460800,-2.882839702E-18,-2.882839699E-18,-24980688617261850776865996962589243009069536008398459687748134919084343408858028759459240240911518795070397/1998085525299954600434920372889592385644952829809832934896140193427255749324125889145324852442766949195618039471328460800,-7494206585071178716084801960683072548013681119440962661930617072815382223851541081271856051438562423486931/599425657589986380130476111866877715693485848942949880468842058028176724797237766743597455732830084758685411841398538240,-1.250231199E-14,-1.250231198E-14,SAVED_ENDPOINT_MINUS_EXACT_FLOW_FROM_EXACT_REPRESENTED_INCOMING_STATE,EXACT_ZERO_UNDER_IDENTICAL_COMPLETE_CONTACTS,ZERO_BY_EXACT_REPRESENTED_ANCHOR_DEFINITION
positive_B/fine/128/-4,positive_B,fine,128,-4,8192,4611638284482165823/36028797018963968,19687032753184002527287915263511/299315535325368917651537310360910981809576083456,6.577350799E-17,37633032617469869153428991433181/149657767662684458825768655180455490904788041728,2.514606038E-16,69715642868253915/92213666865117964826304644266235789312,7.560228895E-22,147152506767447723537408365786367086333243428112158813946033966252022411090627193272296763125910715718249/4893270674203970450044702954015328291375394685248570452806873943087156937120308299947734332512898651091309484419579904,3.007242325E-14,4753494519193427410043206156262876442110341947479177214879500854205317938948895879175914855730401286957/8155451123673284083407838256692213818958991142080950754678123238478594895200513833246223887521497751818849140699299840,5.828610150E-16,4713647333335542024803464975421117108540557122038782828480721/468099937709239368497899392037904693496502861864399936907609124326413120307200,1.006974570E-17,64070838777266120528494631188337278408835420190746719951229/468099937709239368497899392037904693496502861864399936907609124326413120307200,1.368742733E-19,18014398509481983/140737488355328,1.280000000E+2,2836795102831548279566228872110227508381952367406556501479792348771734687042828081152201/70737262607087383227826001142366419372616979430187708922564790770664025630625209386788259237357158400,4.010326381E-14,926847366649316866136784165152228228073971042967093532474973228258970373166342311092967/5658981008566990658226080091389313549809358354415016713805183261653122050450016750943060738988572672,1.637834383E-13,160061350256225060711771175404205983899021086110204186621807335099079053229301014355426315332155144223/40777255618366420417039191283461069094794955710404753773390616192392974476002569166231119437607488759094245703496499200,160061350397599327544295813070926051102297135234331167088429880939039791521623943019173313217419248479/40777255618366420417039191283461069094794955710404753773390616192392974476002569166231119437607488759094245703496499200,3.925260487E-18,3.925260491E-18,-3179432592455270720677891325722403171225968709958635919122702130498084435781269232432241729935777389597761/122331766855099261251117573850383207284384867131214261320171848577178923428007707498693358312822466277282737110489497600,-3179432592358763048291219654603483039311878936917887466844706626857432436108489397717492372962341466312001/122331766855099261251117573850383207284384867131214261320171848577178923428007707498693358312822466277282737110489497600,-2.599024501E-14,-2.599024500E-14,SAVED_ENDPOINT_MINUS_EXACT_FLOW_FROM_EXACT_REPRESENTED_INCOMING_STATE,EXACT_ZERO_UNDER_IDENTICAL_COMPLETE_CONTACTS,ZERO_BY_EXACT_REPRESENTED_ANCHOR_DEFINITION
positive_B/fine/128/-7/2,positive_B,fine,128,-7/2,8192,4611638284482165823/36028797018963968,37706421201083931701878576822201/149657767662684458825768655180455490904788041728,2.519509799E-16,82645912880196840786452220187793/149657767662684458825768655180455490904788041728,5.522326985E-16,60192843763882175/46527992648138429134103069243356479488,1.293690967E-21,329440815403534572734631569677625521619246785461665585498078738109109943913706756203738242650752775366734647/5994256575899863801304761118668777156934858489429498804688420580281767247972377667435974557328300847586854118413985382400,5.495941177E-14,1227537792211839750960803161042945971223729210777517873275943492494841702548766766958932270311513610153983/999042762649977300217460186444796192822476414904916467448070096713627874662062944572662426221383474597809019735664230400,1.228713964E-15,573666405502273914868921279075200070147687717643419895754701/29256246106827460531118712002369043343531428866524996056725570270400820019200,1.960833948E-17,26767926013175279346010590028194242895682872584207695003661/117024984427309842124474848009476173374125715466099984226902281081603280076800,2.287368475E-19,18014398509481983/140737488355328,1.280000000E+2,318229424033898150422014619857297484178593912963106637238153699471320832272037468070471/3536863130354369161391300057118320968630848971509385446128239538533201281531260469339412961867857920,8.997504634E-14,33682058894188248975991238136391115596317652379331156635740595555042080806182388000911649/141474525214174766455652002284732838745233958860375417845129581541328051261250418773576518474714316800,2.380786142E-13,2670231475465247754520154792989528498741227270006019753385575722087424143545736889002846080420634791937/999042762649977300217460186444796192822476414904916467448070096713627874662062944572662426221383474597809019735664230400,5340462965287864903680098757781194561155617032448450472175883245770421117305529663093773325188381313673/1998085525299954600434920372889592385644952829809832934896140193427255749324125889145324852442766949195618039471328460800,2.672789969E-18,2.672789978E-18,-329440815403534572734631569677625521619246785461665585498078738109109943913706756203738242650752775366734647/5994256575899863801304761118668777156934858489429498804688420580281767247972377667435974557328300847586854118413985382400,-164720407697487446377227560472304624572503399663719016714301505083594512745582934027041921330674681674146079/2997128287949931900652380559334388578467429244714749402344210290140883623986188833717987278664150423793427059206992691200,-5.495941177E-14,-5.495941176E-14,SAVED_ENDPOINT_MINUS_EXACT_FLOW_FROM_EXACT_REPRESENTED_INCOMING_STATE,EXACT_ZERO_UNDER_IDENTICAL_COMPLETE_CONTACTS,ZERO_BY_EXACT_REPRESENTED_ANCHOR_DEFINITION
positive_B/fine/256/-4,positive_B,fine,256,-4,16384,9223324302909553727/36028797018963968,19687032753184002527287915263511/299315535325368917651537310360910981809576083456,6.577350799E-17,37633032617469869153428991433181/149657767662684458825768655180455490904788041728,2.514606038E-16,69715642868253915/92213666865117964826304644266235789312,7.560228895E-22,6668370198769020208025872857128778541075240093951064012434203753909014620276605567978072127587496411525483/40777255618366420417039191283461069094794955710404753773390616192392974476002569166231119437607488759094245703496499200,1.635316085E-13,125740087020145720719380642311192715999920969759043843886489921054192510038357944084145751499476656916449/40777255618366420417039191283461069094794955710404753773390616192392974476002569166231119437607488759094245703496499200,3.083583854E-15,10539799366358185031610668047950960608078700616498133956160209/468099937709239368497899392037904693496502861864399936907609124326413120307200,2.251613068E-17,28891988499657756256436582443873129226025473777461905376569/93619987541847873699579878407580938699300572372879987381521824865282624061440,3.086091898E-19,18014398509481983/70368744177664,2.560000000E+2,11276871770403132670564099691176088031386206647224981189821258112924638178641434070884453/70737262607087383227826001142366419372616979430187708922564790770664025630625209386788259237357158400,1.594191146E-13,124312197308498448412147549388808610270467183921378825612810383053909012725062314573466263/141474525214174766455652002284732838745233958860375417845129581541328051261250418773576518474714316800,8.786896236E-13,1565872809176164689878893904314424236800427058240282982548609035688755211268590454802418592235719555103/40777255618366420417039191283461069094794955710404753773390616192392974476002569166231119437607488759094245703496499200,1565872809739994610795804427642975152149468694935707263855013702149716538936087620036355934359366370143/40777255618366420417039191283461069094794955710404753773390616192392974476002569166231119437607488759094245703496499200,3.840064235E-17,3.840064237E-17,-17434291582120778434207461979064875729451385348019889907944479991950749013612983019150409571220696374957121/122331766855099261251117573850383207284384867131214261320171848577178923428007707498693358312822466277282737110489497600,-5811430527117095000202580995350180384750549034630515459723214182402095813935455761341053556784977997956203/40777255618366420417039191283461069094794955710404753773390616192392974476002569166231119437607488759094245703496499200,-1.425164701E-13,-1.425164700E-13,SAVED_ENDPOINT_MINUS_EXACT_FLOW_FROM_EXACT_REPRESENTED_INCOMING_STATE,EXACT_ZERO_UNDER_IDENTICAL_COMPLETE_CONTACTS,ZERO_BY_EXACT_REPRESENTED_ANCHOR_DEFINITION
positive_B/fine/256/-7/2,positive_B,fine,256,-7/2,16384,9223324302909553727/36028797018963968,37706421201083931701878576822201/149657767662684458825768655180455490904788041728,2.519509799E-16,82645912880196840786452220187793/149657767662684458825768655180455490904788041728,5.522326985E-16,60192843763882175/46527992648138429134103069243356479488,1.293690967E-21,1736487143538407655856596062725932536871707377182982367455932919711348397555553023960412372068502071905448759/5994256575899863801304761118668777156934858489429498804688420580281767247972377667435974557328300847586854118413985382400,2.896918278E-13,6787499260700928305912366503266833985539691252434349695257814278463624118906577013506664556581085394137087/999042762649977300217460186444796192822476414904916467448070096713627874662062944572662426221383474597809019735664230400,6.794002734E-15,692115061236641417442897895966965270700325868422867621812381/14628123053413730265559356001184521671765714433262498028362785135200410009600,4.731400322E-17,78297333717540735715319395397730208682267931060532510781409/117024984427309842124474848009476173374125715466099984226902281081603280076800,6.690651070E-19,18014398509481983/70368744177664,2.560000000E+2,6332936202789105194887186082936573817030153112080562669586232617695671433162669674186927/17684315651771845806956500285591604843154244857546927230641197692666006407656302346697064809339289600,3.581103351E-13,177909395642936913321674633844099997442511052103710440817309512218337831609399508905365793/141474525214174766455652002284732838745233958860375417845129581541328051261250418773576518474714316800,1.257536616E-12,87910416077763578232147252978594614030507743994737316052083635821557936051723929733907973196369610510337/999042762649977300217460186444796192822476414904916467448070096713627874662062944572662426221383474597809019735664230400,35164166442548661029515504441659654739470524191679259895332641707820444612955992191527089009138401287093/399617105059990920086984074577918477128990565961966586979228038685451149864825177829064970488553389839123607894265692160,8.799464784E-17,8.799464787E-17,-1736487143538407655856596062725932536871707377182982367455932919711348397555553023960412372068502071905448759/5994256575899863801304761118668777156934858489429498804688420580281767247972377667435974557328300847586854118413985382400,-3543851313204362802574208663249939695234711592690243178186598868193520993267509874568926337570015878757699/12233176685509926125111757385038320728438486713121426132017184857717892342800770749869335831282246627728273711048949760,-2.896918278E-13,-2.896918277E-13,SAVED_ENDPOINT_MINUS_EXACT_FLOW_FROM_EXACT_REPRESENTED_INCOMING_STATE,EXACT_ZERO_UNDER_IDENTICAL_COMPLETE_CONTACTS,ZERO_BY_EXACT_REPRESENTED_ANCHOR_DEFINITION
signed_uB/coarse/64/-4,signed_uB,coarse,64,-4,2048,1152873770661624895/18014398509481984,21274571507026797394650714347669/299315535325368917651537310360910981809576083456,7.107740494E-17,4357582746349362117068599646529/18707220957835557353221081897556936363098505216,2.329358678E-16,3483693385684514229/27588376013609390315008321146650770800640,1.262739563E-22,64898234095162104886497236659654170618721052566072904086770103443177193349354957270413446057339301396913/7645735428443703828194848365648950455274054195700891332510740536073682714250481718668334894551404142330171069405593600,8.488161107E-15,319241696593901938461565051734929088106621334537894261943531683838266523004486837344655844920564763033/2548578476147901276064949455216316818424684731900297110836913512024560904750160572889444964850468047443390356468531200,1.252626512E-16,1997119500387609688718605574160263992754055198668498427081/585124922136549210622374240047380866870628577330499921134511405408016400384,3.413150637E-18,86823020325994213533851862298239328693587429930660045397/14628123053413730265559356001184521671765714433262498028362785135200410009600,5.935349328E-21,18014398509481983/281474976710656,6.400000000E+1,163203353052675063386245311447413944924272600049501863386075507183698791775741990078713/17684315651771845806956500285591604843154244857546927230641197692666006407656302346697064809339289600,9.228706175E-15,223322997097512593948191036533850580880648097084031582915261894879114665835427143567659/4421078912942961451739125071397901210788561214386731807660299423166501601914075586674266202334822400,5.051323478E-14,-163892114213960286589300315022098095783213838045926038330006907977523829410391731684603664530278851/19910769344905478719257417618877475143942849467971071178413386812691882068360629475698788787894281620651487159910400,-20978190617167405560643653049769883547951257672488917983385961149363171309062651908555617690730772071/2548578476147901276064949455216316818424684731900297110836913512024560904750160572889444964850468047443390356468531200,-8.231330060E-18,-8.231330058E-18,8033984349859118086728524256941896094161179627278083032010523328947420312056713158398913359606117829489/7645735428443703828194848365648950455274054195700891332510740536073682714250481718668334894551404142330171069405593600,2677994783539066704146384416029538921419687812310909031337368306620893324864430795630201056367006100283/2548578476147901276064949455216316818424684731900297110836913512024560904750160572889444964850468047443390356468531200,1.050779800E-15,1.050779801E-15,SAVED_ENDPOINT_MINUS_EXACT_FLOW_FROM_EXACT_REPRESENTED_INCOMING_STATE,EXACT_ZERO_UNDER_IDENTICAL_COMPLETE_CONTACTS,ZERO_BY_EXACT_REPRESENTED_ANCHOR_DEFINITION
signed_uB/coarse/64/-7/2,signed_uB,coarse,64,-7/2,2048,1152873770661624895/18014398509481984,3128050018614294481762112499193/18707220957835557353221081897556936363098505216,1.672108341E-16,106754546417227238441034414690807/299315535325368917651537310360910981809576083456,3.566622304E-16,633123053150637105/2833234357852023574400830758775605428224,2.234630014E-22,711590311090352813467813560006253668289390562613673564849496824904285807120369292252827535096953603655679/53520147999105926797363938559542653186918379369906239327575183752515778999753372030678344261859828996311197485839155200,1.329574633E-14,8610091859040991746760553217361690343979014704643779536788268423359715314075688141187259797471945060127/62440172665623581263591261652799762051404775931557279215504381044601742166378934035791401638836467162363063733479014400,1.378934666E-16,5666846364206892140434108486569158377003123382021253588787/1462812305341373026555935600118452167176571443326249802836278513520041000960,3.873939496E-18,671561072943428873784259655579525077034877401348776995077/7314061526706865132779678000592260835882857216631249014181392567600205004800,9.181780472E-20,18014398509481983/281474976710656,6.400000000E+1,60426068573193263244112565124211187332270789976490592389530564347326310736969216229891/17684315651771845806956500285591604843154244857546927230641197692666006407656302346697064809339289600,3.416929994E-15,577390101958210030029824930640354018485177202214182160051788541493246144540115537998331/8842157825885922903478250142795802421577122428773463615320598846333003203828151173348532404669644800,6.529968288E-14,-675869020826032912617787782021572912272377347172052018256069303180378249225871559567921878862212919071/62440172665623581263591261652799762051404775931557279215504381044601742166378934035791401638836467162363063733479014400,-270347608285309619065189249198861100618630883604688240864720443416769618010683878115514309623694689471/24976069066249432505436504661119904820561910372622911686201752417840696866551573614316560655534586864945225493391605760,-1.082426573E-17,-1.082426572E-17,-47339113601389170544394920784894373543788570403889903505732512866124745155760416265940842652599036144239/3568009866607061786490929237302843545794558624660415955171678916834385266650224802045222950790655266420746499055943680,-198824277123146904094838660596572838336495308512188805787358772659676889259513313602092088473790052240671/14985641439749659503261902796671942892337146223573747011721051450704418119930944168589936393320752118967135296034963456,-1.326765211E-14,-1.326765210E-14,SAVED_ENDPOINT_MINUS_EXACT_FLOW_FROM_EXACT_REPRESENTED_INCOMING_STATE,EXACT_ZERO_UNDER_IDENTICAL_COMPLETE_CONTACTS,ZERO_BY_EXACT_REPRESENTED_ANCHOR_DEFINITION
signed_uB/coarse/128/-4,signed_uB,coarse,128,-4,4096,2305795275268471871/18014398509481984,21274571507026797394650714347669/299315535325368917651537310360910981809576083456,7.107740494E-17,4357582746349362117068599646529/18707220957835557353221081897556936363098505216,2.329358678E-16,3483693385684514229/27588376013609390315008321146650770800640,1.262739563E-22,68041096458991969114882462287171761469241016092269934410036507168114569050859894686982743504247743997629/1529147085688740765638969673129790091054810839140178266502148107214736542850096343733666978910280828466034213881118720,4.449610970E-14,1134173569977186750227640383114690322892740282821784506139322508535045888517436078110945390653398436249/2548578476147901276064949455216316818424684731900297110836913512024560904750160572889444964850468047443390356468531200,4.450220312E-16,374296848276080237458519856425589817769170058829137490029641/58512492213654921062237424004738086687062857733049992113451140540801640038400,6.396870722E-18,-2953165175232506266454112729483526456318201863903547503693/58512492213654921062237424004738086687062857733049992113451140540801640038400,-5.047067837E-20,18014398509481983/140737488355328,1.280000000E+2,128169415766863475831514504600686560073083281237990349010484347722426002912429357751039/3536863130354369161391300057118320968630848971509385446128239538533201281531260469339412961867857920,3.623816107E-14,4744669271846926587641025460551603268162706067587452933818273527905314097485093792259091/17684315651771845806956500285591604843154244857546927230641197692666006407656302346697064809339289600,2.682981556E-13,-176882752384279204550392382489614209501603749673928052966483901380667044594326459192311098846874051/19910769344905478719257417618877475143942849467971071178413386812691882068360629475698788787894281620651487159910400,-4528198459269035923447109230837271029540257385327665729446464911045028407605795849546945723354817659/509715695229580255212989891043263363684936946380059422167382702404912180950032114577888992970093609488678071293706240,-8.883772863E-18,-8.883772859E-18,51726859881901395103347508250774812503098723645906871834532069481671860169687822706301514006667360996209/7645735428443703828194848365648950455274054195700891332510740536073682714250481718668334894551404142330171069405593600,17242286629307326390114888341818138169941464286346285102968572765044756337363137326569074611910446590779/2548578476147901276064949455216316818424684731900297110836913512024560904750160572889444964850468047443390356468531200,6.765452501E-15,6.765452503E-15,SAVED_ENDPOINT_MINUS_EXACT_FLOW_FROM_EXACT_REPRESENTED_INCOMING_STATE,EXACT_ZERO_UNDER_IDENTICAL_COMPLETE_CONTACTS,ZERO_BY_EXACT_REPRESENTED_ANCHOR_DEFINITION
signed_uB/coarse/128/-7/2,signed_uB,coarse,128,-7/2,4096,2305795275268471871/18014398509481984,3128050018614294481762112499193/18707220957835557353221081897556936363098505216,1.672108341E-16,106754546417227238441034414690807/299315535325368917651537310360910981809576083456,3.566622304E-16,633123053150637105/2833234357852023574400830758775605428224,2.234630014E-22,25811498817861556439533907797255662660522479194775638448618923895204283304391519548019694297710964276443129/374641035993741487581547569916798572308428655589343675293026286267610452998273604214748409833018802974178382400874086400,6.889661393E-14,642735174811990440476374449459399788344814535902705901772867546988442497915688459241572596688426272469/1784004933303530893245464618651421772897279312330207977585839458417192633325112401022611475395327633210373249527971840,3.602765681E-16,81860973638027001634147955777322897458113287332820217326847/14628123053413730265559356001184521671765714433262498028362785135200410009600,5.596136520E-18,1335748252065719143471489940331614149876812725020119529463/14628123053413730265559356001184521671765714433262498028362785135200410009600,9.131371450E-20,18014398509481983/140737488355328,1.280000000E+2,222935044695171682774949014523579590865168242878379688696803313571139281867928275190713/17684315651771845806956500285591604843154244857546927230641197692666006407656302346697064809339289600,1.260637105E-14,752948885522258049125519470508545538338771453360738136749653659005001292316475883775569/2210539456471480725869562535698950605394280607193365903830149711583250800957037793337133101167411200,3.406177091E-13,-13913027454223771521533133927693202134123307865265398210147917644552030273635843000951455516732579919/1274289238073950638032474727608158409212342365950148555418456756012280452375080286444722482425234023721695178234265600,-1363476689617032103904359475853331724721358005138704041153781868725064677922932599433298003315667965883/124880345331247162527182523305599524102809551863114558431008762089203484332757868071582803277672934324726127466958028800,-1.091826490E-17,-1.091826488E-17,-3684405114077086681336302303046281600702267237051121074651993393450431448861481152007301182792398133181569/53520147999105926797363938559542653186918379369906239327575183752515778999753372030678344261859828996311197485839155200,-25790835798005265264858171412696855365983569084045904837900308217192998647419679390792925398545849132795911/374641035993741487581547569916798572308428655589343675293026286267610452998273604214748409833018802974178382400874086400,-6.884145975E-14,-6.884145974E-14,SAVED_ENDPOINT_MINUS_EXACT_FLOW_FROM_EXACT_REPRESENTED_INCOMING_STATE,EXACT_ZERO_UNDER_IDENTICAL_COMPLETE_CONTACTS,ZERO_BY_EXACT_REPRESENTED_ANCHOR_DEFINITION
signed_uB/coarse/256/-4,signed_uB,coarse,256,-4,8192,4611638284482165823/18014398509481984,21274571507026797394650714347669/299315535325368917651537310360910981809576083456,7.107740494E-17,571683588680996116884276213223581/299315535325368917651537310360910981809576083456,1.909969652E-15,3483693385684514229/27588376013609390315008321146650770800640,1.262739563E-22,100239534436064214597285696682135906687204435829328499313712684938518158008117348518920925263589443984949681/7645735428443703828194848365648950455274054195700891332510740536073682714250481718668334894551404142330171069405593600,1.311051571E-11,52722931552175570259202489590856062732727177765732750920739059099708216173129140870062021469774886848921/2548578476147901276064949455216316818424684731900297110836913512024560904750160572889444964850468047443390356468531200,2.068719173E-14,205072874097739866324221292794471830438906139055782144979447/11702498442730984212447484800947617337412571546609998422690228108160328007680,1.752385400E-17,4378939759093149829646633260389907428885557809937534486793/58512492213654921062237424004738086687062857733049992113451140540801640038400,7.483769010E-20,18014398509481983/70368744177664,2.560000000E+2,4657413024518267052533774572432334203251393404418544371079588309761660869709710157774323/17684315651771845806956500285591604843154244857546927230641197692666006407656302346697064809339289600,2.633640519E-13,1367250280065147046237449628668412688562826227782673556536053907711565187949338436736486403/17684315651771845806956500285591604843154244857546927230641197692666006407656302346697064809339289600,7.731428838E-11,30130881642196169619764440612399961876249677299793537653685005872748057279627973181078104157814126141/19910769344905478719257417618877475143942849467971071178413386812691882068360629475698788787894281620651487159910400,3856752850236351937943186941430828033211722585933974825179314412057590517690525244828398634432469256601/2548578476147901276064949455216316818424684731900297110836913512024560904750160572889444964850468047443390356468531200,1.513295700E-15,1.513295701E-15,9440691088990840361318993311887337931165008453526336233936898664306521206517584557587326950689784725155451/2548578476147901276064949455216316818424684731900297110836913512024560904750160572889444964850468047443390356468531200,9440691089006906167794361298026462497867249764102071661270210231730675605930011166113909101591947646249787/2548578476147901276064949455216316818424684731900297110836913512024560904750160572889444964850468047443390356468531200,3.704296798E-12,3.704296799E-12,SAVED_ENDPOINT_MINUS_EXACT_FLOW_FROM_EXACT_REPRESENTED_INCOMING_STATE,EXACT_ZERO_UNDER_IDENTICAL_COMPLETE_CONTACTS,ZERO_BY_EXACT_REPRESENTED_ANCHOR_DEFINITION
signed_uB/coarse/256/-7/2,signed_uB,coarse,256,-7/2,8192,4611638284482165823/18014398509481984,3128050018614294481762112499193/18707220957835557353221081897556936363098505216,1.672108341E-16,945113868709738337398377224716005/299315535325368917651537310360910981809576083456,3.157583745E-15,633123053150637105/2833234357852023574400830758775605428224,2.234630014E-22,50445026114170717894690036277328514546550274224331302805114468043072592317694490650348467428375474176301251/2548578476147901276064949455216316818424684731900297110836913512024560904750160572889444964850468047443390356468531200,1.979339722E-11,1468448339210477912623094599884817514124225414994915824847293553529037970411858129923461270733530295463711/62440172665623581263591261652799762051404775931557279215504381044601742166378934035791401638836467162363063733479014400,2.351768544E-14,167032092222889815522071861151715539572339278417309744836309/14628123053413730265559356001184521671765714433262498028362785135200410009600,1.141855942E-17,1704676563584827816275039883618221301282191160934362713329/14628123053413730265559356001184521671765714433262498028362785135200410009600,1.165341964E-19,18014398509481983/70368744177664,2.560000000E+2,814292330082384205392694129279637194889661356763955469786344609482552662488669273454669/3536863130354369161391300057118320968630848971509385446128239538533201281531260469339412961867857920,2.302300938E-13,217438167881138702042358317579484258069966883813099528768833482022928246456156598989978857/2210539456471480725869562535698950605394280607193365903830149711583250800957037793337133101167411200,9.836430074E-11,352645003721458595418619059177914414531137302615546454685490819860466949168035276190708246888240188985569/62440172665623581263591261652799762051404775931557279215504381044601742166378934035791401638836467162363063733479014400,141058001489298384886642595206201046078296740614870401362620525282964010024811412166526981063400789965633/24976069066249432505436504661119904820561910372622911686201752417840696866551573614316560655534586864945225493391605760,5.647726274E-15,5.647726275E-15,-7408915022916202303860573091683402855378446908361210813786713690717641294545835525840586295473002683482449799/374641035993741487581547569916798572308428655589343675293026286267610452998273604214748409833018802974178382400874086400,-1058416431844562649821576983123989724666981739056353974028923748661390062381115720146547650081506007376427009/53520147999105926797363938559542653186918379369906239327575183752515778999753372030678344261859828996311197485839155200,-1.977603709E-11,-1.977603708E-11,SAVED_ENDPOINT_MINUS_EXACT_FLOW_FROM_EXACT_REPRESENTED_INCOMING_STATE,EXACT_ZERO_UNDER_IDENTICAL_COMPLETE_CONTACTS,ZERO_BY_EXACT_REPRESENTED_ANCHOR_DEFINITION
signed_uB/fine/64/-4,signed_uB,fine,64,-4,4096,2305795275268471871/36028797018963968,21586705765120028420556797245833/299315535325368917651537310360910981809576083456,7.212023173E-17,35139969103547644860974491808449/149657767662684458825768655180455490904788041728,2.348021734E-16,39712849788148906729/130726135696491414055102505711891235471360,3.037866115E-22,95733871459789326175315292884026540583874833013833120443737443595728718723498748467691706961126318078783/12233176685509926125111757385038320728438486713121426132017184857717892342800770749869335831282246627728273711048949760,7.825757277E-15,641270462270663880755078264520574730036016532797990632794264094686952282447438860875289067375453499999/4077725561836642041703919128346106909479495571040475377339061619239297447600256916623111943760748875909424570349649920,1.572618002E-16,2480276922067028767717413543202178515058941513334501775386643/468099937709239368497899392037904693496502861864399936907609124326413120307200,5.298605538E-18,71998736352722308532459536009279242333605246055541833130703/468099937709239368497899392037904693496502861864399936907609124326413120307200,1.538106088E-19,18014398509481983/281474976710656,6.400000000E+1,1302855208519477180252682826513486984147838168297783850513442194983172621543063202131527/141474525214174766455652002284732838745233958860375417845129581541328051261250418773576518474714316800,9.209115257E-15,206157470883515695936312313311120295629272787199985590951682928835716660489735894760829/4421078912942961451739125071397901210788561214386731807660299423166501601914075586674266202334822400,4.663057931E-14,-83285840664506072688999065379392066124970787743080710677060767735791419415909861481576630444241476181/20388627809183210208519595641730534547397477855202376886695308096196487238001284583115559718803744379547122851748249600,-83285840646713092063114642870784871229320653793142268230833211983977273431114006287919952040818033701/20388627809183210208519595641730534547397477855202376886695308096196487238001284583115559718803744379547122851748249600,-4.084916428E-18,-4.084916426E-18,12083484312477247801477055512473098492087680507747503290939111195679749952969284898207198152306525771999/12233176685509926125111757385038320728438486713121426132017184857717892342800770749869335831282246627728273711048949760,12083484313688612033423784262205462182235559086518929663737480734837277186884482462885601059560316926783/12233176685509926125111757385038320728438486713121426132017184857717892342800770749869335831282246627728273711048949760,9.877634095E-16,9.877634097E-16,SAVED_ENDPOINT_MINUS_EXACT_FLOW_FROM_EXACT_REPRESENTED_INCOMING_STATE,EXACT_ZERO_UNDER_IDENTICAL_COMPLETE_CONTACTS,ZERO_BY_EXACT_REPRESENTED_ANCHOR_DEFINITION
signed_uB/fine/64/-7/2,signed_uB,fine,64,-7/2,4096,2305795275268471871/36028797018963968,51076878134799368894110910501097/299315535325368917651537310360910981809576083456,1.706455968E-16,111808249368885984380362306958787/299315535325368917651537310360910981809576083456,3.735464291E-16,2390357018062108093/4782813279228317301088128143866694991872,4.997805431E-22,874341954287029241228473943480472779255329211587891413509838740069939840509778904918911135030167717035839/71360197332141235729818584746056870915891172493208319103433578336687705333004496040904459015813105328414929981118873600,1.225251593E-14,16019615511748697767899461417850266849905823060075761339809655865510381994318783784539423325031369145649/99904276264997730021746018644479619282247641490491646744807009671362787466206294457266242622138347459780901973566423040,1.603496478E-16,1355965858690933541529213857986851320233628435403509174576023/234049968854619684248949696018952346748251430932199968453804562163206560153600,5.793488739E-18,16552346720440541468425086359740630672532512712050576939921/234049968854619684248949696018952346748251430932199968453804562163206560153600,7.072142245E-20,18014398509481983/281474976710656,6.400000000E+1,479197144391015536568138970745826767080967630772341135889079683535991518738939543806443/141474525214174766455652002284732838745233958860375417845129581541328051261250418773576518474714316800,3.387162061E-15,425916396089682616648566238208163676749433187777302957971533943618704004690489866308463/7073726260708738322782600114236641937261697943018770892256479077066402563062520938678825923735715840,6.021103736E-14,-1257635035701609317407985444455925070791834602556269399171614399581043923560711678936703062029433699633/99904276264997730021746018644479619282247641490491646744807009671362787466206294457266242622138347459780901973566423040,-6288175177604332712275343757487118308558186657663462748235566989116711438278358251800627364272158509957/499521381324988650108730093222398096411238207452458233724035048356813937331031472286331213110691737298904509867832115200,-1.258840045E-17,-1.258840044E-17,-6097644736426258016688767684523090269709120591612383030171499508636864815505734236093177954261991978581751/499521381324988650108730093222398096411238207452458233724035048356813937331031472286331213110691737298904509867832115200,-6097644736336790149652103777911699411912996985876899023463783923998367651675268863794328782299013188044103/499521381324988650108730093222398096411238207452458233724035048356813937331031472286331213110691737298904509867832115200,-1.220697445E-14,-1.220697444E-14,SAVED_ENDPOINT_MINUS_EXACT_FLOW_FROM_EXACT_REPRESENTED_INCOMING_STATE,EXACT_ZERO_UNDER_IDENTICAL_COMPLETE_CONTACTS,ZERO_BY_EXACT_REPRESENTED_ANCHOR_DEFINITION
signed_uB/fine/128/-4,signed_uB,fine,128,-4,8192,4611638284482165823/36028797018963968,21586705765120028420556797245833/299315535325368917651537310360910981809576083456,7.212023173E-17,35139969103547644860974491808449/149657767662684458825768655180455490904788041728,2.348021734E-16,39712849788148906729/130726135696491414055102505711891235471360,3.037866115E-22,2055659392796950881714672548684712790437973705247707791445791094563759591203023708966288647635796206741563/61165883427549630625558786925191603642192433565607130660085924288589461714003853749346679156411233138641368555244748800,3.360794086E-14,11065496139307488921368017150764741727380772836929083816406004265957907680382637577596159447660851968987/20388627809183210208519595641730534547397477855202376886695308096196487238001284583115559718803744379547122851748249600,5.427288312E-16,4278369923903603846934761731054243913950898376649283776855853/468099937709239368497899392037904693496502861864399936907609124326413120307200,9.139864331E-18,17958756060355957449201166799657247333421436737617882665637/93619987541847873699579878407580938699300572372879987381521824865282624061440,1.918260890E-19,18014398509481983/140737488355328,1.280000000E+2,5104035601437352793135753685401346151162113590019113429939900502999573081309933720116271/141474525214174766455652002284732838745233958860375417845129581541328051261250418773576518474714316800,3.607741814E-14,1789416167329866342787907138754842345796212255897935361759115903960993195664271924703877/8842157825885922903478250142795802421577122428773463615320598846333003203828151173348532404669644800,2.023732445E-13,14518197701742212355873104626530517988383520976401242053761363141433626741157591290642918531014567339/20388627809183210208519595641730534547397477855202376886695308096196487238001284583115559718803744379547122851748249600,14518197772576664125597653447897911296538909990024914074142550185840424875773566092391958394637466587/20388627809183210208519595641730534547397477855202376886695308096196487238001284583115559718803744379547122851748249600,7.120733105E-19,7.120733141E-19,320546489205107966000005760072937441689288186338771998977430241796248322665284580116744260061110812736603/61165883427549630625558786925191603642192433565607130660085924288589461714003853749346679156411233138641368555244748800,12821859570133022454967656647442316590819378678607423478909622860223555994646322335962357715280944784755/2446635337101985225022351477007664145687697342624285226403436971543578468560154149973867166256449325545654742209789952,5.240609163E-15,5.240609165E-15,SAVED_ENDPOINT_MINUS_EXACT_FLOW_FROM_EXACT_REPRESENTED_INCOMING_STATE,EXACT_ZERO_UNDER_IDENTICAL_COMPLETE_CONTACTS,ZERO_BY_EXACT_REPRESENTED_ANCHOR_DEFINITION
signed_uB/fine/128/-7/2,signed_uB,fine,128,-7/2,8192,4611638284482165823/36028797018963968,51076878134799368894110910501097/299315535325368917651537310360910981809576083456,1.706455968E-16,111808249368885984380362306958787/299315535325368917651537310360910981809576083456,3.735464291E-16,2390357018062108093/4782813279228317301088128143866694991872,4.997805431E-22,25997578356756575336360670945867675581660512200943543526767727128599621184937589002715447375267980963855033/499521381324988650108730093222398096411238207452458233724035048356813937331031472286331213110691737298904509867832115200,5.204497611E-14,177283639165094125893193021094442206632415405761854110286392161338691663398692035478744875619082497290741/499521381324988650108730093222398096411238207452458233724035048356813937331031472286331213110691737298904509867832115200,3.549070086E-16,1764599808968456205528608872513496656355256507542338052522871/234049968854619684248949696018952346748251430932199968453804562163206560153600,7.539414843E-18,30273822660323443157041479222601405950886968749395534544689/234049968854619684248949696018952346748251430932199968453804562163206560153600,1.293476894E-19,18014398509481983/140737488355328,1.280000000E+2,1747132159212502261698087589714449500528161613604113754077403109387311542309823958349051/141474525214174766455652002284732838745233958860375417845129581541328051261250418773576518474714316800,1.234944706E-14,1819100101946527562159224952566201384270756103884421613747673485685538811434043115719247/7073726260708738322782600114236641937261697943018770892256479077066402563062520938678825923735715840,2.571629203E-13,-5146876192029764671145127835951803095379584841038980686039782854049630259231268876417495242878957253109/499521381324988650108730093222398096411238207452458233724035048356813937331031472286331213110691737298904509867832115200,-5146876188438398573993959935883078124570725257387513688880376207781012209293364214469252035019364862853/499521381324988650108730093222398096411238207452458233724035048356813937331031472286331213110691737298904509867832115200,-1.030361539E-17,-1.030361538E-17,-77893848872358426960746221541930357748735177534075312691307971762321426531277564156727146250901010036473061/1498564143974965950326190279667194289233714622357374701172105145070441811993094416858993639332075211896713529603496345600,-25964616290073557466132755526692769162272562599343853677701283726800967178951364804751191322611597301925191/499521381324988650108730093222398096411238207452458233724035048356813937331031472286331213110691737298904509867832115200,-5.197898882E-14,-5.197898880E-14,SAVED_ENDPOINT_MINUS_EXACT_FLOW_FROM_EXACT_REPRESENTED_INCOMING_STATE,EXACT_ZERO_UNDER_IDENTICAL_COMPLETE_CONTACTS,ZERO_BY_EXACT_REPRESENTED_ANCHOR_DEFINITION
signed_uB/fine/256/-4,signed_uB,fine,256,-4,16384,9223324302909553727/36028797018963968,21586705765120028420556797245833/299315535325368917651537310360910981809576083456,7.212023173E-17,35139969103547644860974491808449/149657767662684458825768655180455490904788041728,2.348021734E-16,39712849788148906729/130726135696491414055102505711891235471360,3.037866115E-22,440971821490212300198778168270346893707304983131706682553725426587959133207309960457232488387926377981299/2446635337101985225022351477007664145687697342624285226403436971543578468560154149973867166256449325545654742209789952,1.802360225E-13,57238822364816431512809694028938568431439423044448587437300741518002082477610968825636015537991832910811/20388627809183210208519595641730534547397477855202376886695308096196487238001284583115559718803744379547122851748249600,2.807389635E-15,9536385368793165587539505312938923215655304617536845557978973/468099937709239368497899392037904693496502861864399936907609124326413120307200,2.037254142E-17,5779985359631350595885155633832887312180078266685985251641/468099937709239368497899392037904693496502861864399936907609124326413120307200,1.234775931E-20,18014398509481983/70368744177664,2.560000000E+2,20245204540162610368728699282955779401126193368723605123212327388249962339570335967434399/141474525214174766455652002284732838745233958860375417845129581541328051261250418773576518474714316800,1.431014136E-13,19034307685551201182857722846000361984219721667902102288149746129921187788531107876647003/17684315651771845806956500285591604843154244857546927230641197692666006407656302346697064809339289600,1.076338382E-12,-794884102697322486439053446701955486537033329239572431420058269970733961041507360546387314751650945621/20388627809183210208519595641730534547397477855202376886695308096196487238001284583115559718803744379547122851748249600,-794884102415024390919078027772947389637844572854521523475640869297425958582380022658470199090608522277/20388627809183210208519595641730534547397477855202376886695308096196487238001284583115559718803744379547122851748249600,-3.898664051E-17,-3.898664048E-17,2087458489744045731312975017900422788756028616764969385733556972533366487661410346222204773309397250276443/61165883427549630625558786925191603642192433565607130660085924288589461714003853749346679156411233138641368555244748800,2087458490128680520615490746747775299833809648500215939078342759981459083767201306848556107060294039824443/61165883427549630625558786925191603642192433565607130660085924288589461714003853749346679156411233138641368555244748800,3.412782376E-14,3.412782377E-14,SAVED_ENDPOINT_MINUS_EXACT_FLOW_FROM_EXACT_REPRESENTED_INCOMING_STATE,EXACT_ZERO_UNDER_IDENTICAL_COMPLETE_CONTACTS,ZERO_BY_EXACT_REPRESENTED_ANCHOR_DEFINITION
signed_uB/fine/256/-7/2,signed_uB,fine,256,-7/2,16384,9223324302909553727/36028797018963968,51076878134799368894110910501097/299315535325368917651537310360910981809576083456,1.706455968E-16,111808249368885984380362306958787/299315535325368917651537310360910981809576083456,3.735464291E-16,2390357018062108093/4782813279228317301088128143866694991872,4.997805431E-22,417431440506965415759180360074324004507138176577105849580500613957981866770354698280036292392044096458141739/1498564143974965950326190279667194289233714622357374701172105145070441811993094416858993639332075211896713529603496345600,2.785542696E-13,718944683728619493992400695529248725735492531633326219330837283705956635555191458797044902921713075745269/499521381324988650108730093222398096411238207452458233724035048356813937331031472286331213110691737298904509867832115200,1.439267088E-15,596416751775233667338465485403786669348763652804554369442403/46809993770923936849789939203790469349650286186439993690760912432641312030720,1.274122690E-17,19654751511245630250876642816057120938084635663263437038417/234049968854619684248949696018952346748251430932199968453804562163206560153600,8.397673201E-20,18014398509481983/70368744177664,2.560000000E+2,6705363564859643747139412063843620142148651625991024756908146855829508965463561815114219/141474525214174766455652002284732838745233958860375417845129581541328051261250418773576518474714316800,4.739626131E-14,48513114701259014899763723605488301537496692340376615803638689432285745828174363064222907/35368631303543691613913000571183209686308489715093854461282395385332012815312604693394129618678579200,1.371642411E-12,-1353905169798683793089042045986228053084062006586329670681688447727336788450401353174443298967830939427/71360197332141235729818584746056870915891172493208319103433578336687705333004496040904459015813105328414929981118873600,-9477336174294418811870867287600922714464446444711854274744675129799910234480915117464127610385355737989/499521381324988650108730093222398096411238207452458233724035048356813937331031472286331213110691737298904509867832115200,-1.897283389E-17,-1.897283385E-17,-417189848924522018163724928844865115068852508079707573494685877994937091106978516225009568110954381136542949/1498564143974965950326190279667194289233714622357374701172105145070441811993094416858993639332075211896713529603496345600,-83437969781487628370353108003480113606993748364126521028416797573322118907882421148580134758696865553328529/299712828794993190065238055933438857846742924471474940234421029014088362398618883371798727866415042379342705920699269120,-2.783930542E-13,-2.783930541E-13,SAVED_ENDPOINT_MINUS_EXACT_FLOW_FROM_EXACT_REPRESENTED_INCOMING_STATE,EXACT_ZERO_UNDER_IDENTICAL_COMPLETE_CONTACTS,ZERO_BY_EXACT_REPRESENTED_ANCHOR_DEFINITION
